INFO:root:2023-12-11 13:32:44.525374 - x = [2 0 3 1 1]
INFO:root:2023-12-11 13:32:44.525866 - State = 1
INFO:root:2023-12-11 13:32:44.525926 - Calculating p_min in state 1
INFO:root:2023-12-11 13:32:44.525997 - Calculating p_plus in state 1
INFO:root:2023-12-11 13:32:44.526047 - State = 2
INFO:root:2023-12-11 13:32:44.526087 - Calculating p_min in state 2
INFO:root:2023-12-11 13:32:44.526141 - Calculating w[2][0] in state 2
INFO:root:2023-12-11 13:32:44.526185 - Done
INFO:root:2023-12-11 13:32:44.526224 - Calculating w[2][1] in state 2
INFO:root:2023-12-11 13:32:44.526272 - Calculating w[2][2] in state 2
INFO:root:2023-12-11 13:32:44.526319 - Calculating p_plus in state 2
INFO:root:2023-12-11 13:32:44.526366 - State = 3
INFO:root:2023-12-11 13:32:44.526404 - Calculating p_min in state 3
INFO:root:2023-12-11 13:32:44.526457 - Calculating w[3][0] in state 3
INFO:root:2023-12-11 13:32:44.526499 - Done
INFO:root:2023-12-11 13:32:44.526537 - Calculating p_plus in state 3
INFO:root:2023-12-11 13:32:44.526583 - State = 4
INFO:root:2023-12-11 13:32:44.526621 - Calculating p_min in state 4
INFO:root:2023-12-11 13:32:44.526673 - Calculating w[4][0] in state 4
INFO:root:2023-12-11 13:32:44.526716 - Done
INFO:root:2023-12-11 13:32:44.526754 - Calculating p_plus in state 4
INFO:root:2023-12-11 13:32:44.527597 - calculating tardiness distribution:  [0.24766039 0.12825667 0.13269402 0.12616384 0.11210688 0.09045524
 0.0661708  0.04370899 0.02568817 0.01313367 0.00549572 0.
 0.         0.        ]
INFO:root:2023-12-11 13:32:44.529507 - State = 1
INFO:root:2023-12-11 13:32:44.529573 - Calculating p_min in state 1
INFO:root:2023-12-11 13:32:44.529636 - Calculating p_plus in state 1
INFO:root:2023-12-11 13:32:44.529685 - State = 2
INFO:root:2023-12-11 13:32:44.529723 - Calculating p_min in state 2
INFO:root:2023-12-11 13:32:44.529775 - Calculating w[2][0] in state 2
INFO:root:2023-12-11 13:32:44.529817 - Done
INFO:root:2023-12-11 13:32:44.529856 - Calculating w[2][1] in state 2
INFO:root:2023-12-11 13:32:44.529901 - Calculating w[2][2] in state 2
INFO:root:2023-12-11 13:32:44.529947 - Calculating p_plus in state 2
INFO:root:2023-12-11 13:32:44.529994 - State = 3
INFO:root:2023-12-11 13:32:44.530032 - Calculating p_min in state 3
INFO:root:2023-12-11 13:32:44.530083 - Calculating w[3][0] in state 3
INFO:root:2023-12-11 13:32:44.530132 - Done
INFO:root:2023-12-11 13:32:44.530170 - Calculating p_plus in state 3
INFO:root:2023-12-11 13:32:44.530215 - State = 4
INFO:root:2023-12-11 13:32:44.530252 - Calculating p_min in state 4
INFO:root:2023-12-11 13:32:44.530303 - Calculating w[4][0] in state 4
INFO:root:2023-12-11 13:32:44.530345 - Done
INFO:root:2023-12-11 13:32:44.530382 - Calculating p_plus in state 4
INFO:root:2023-12-11 13:32:44.530496 - calculating tardiness distribution:  [0.24766039 0.12825667 0.13269402 0.12616384 0.11210688 0.09045524
 0.0661708  0.04370899 0.02568817 0.01313367 0.00549572 0.
 0.         0.        ]
INFO:root:2023-12-11 13:32:44.530829 - State = 1
INFO:root:2023-12-11 13:32:44.530882 - Calculating p_min in state 1
INFO:root:2023-12-11 13:32:44.530942 - Calculating p_plus in state 1
INFO:root:2023-12-11 13:32:44.530988 - State = 2
INFO:root:2023-12-11 13:32:44.531026 - Calculating p_min in state 2
INFO:root:2023-12-11 13:32:44.531077 - Calculating w[2][0] in state 2
INFO:root:2023-12-11 13:32:44.531118 - Done
INFO:root:2023-12-11 13:32:44.531156 - Calculating w[2][1] in state 2
INFO:root:2023-12-11 13:32:44.531201 - Calculating w[2][2] in state 2
INFO:root:2023-12-11 13:32:44.531246 - Calculating p_plus in state 2
INFO:root:2023-12-11 13:32:44.531292 - State = 3
INFO:root:2023-12-11 13:32:44.531333 - Calculating p_min in state 3
INFO:root:2023-12-11 13:32:44.531386 - Calculating w[3][0] in state 3
INFO:root:2023-12-11 13:32:44.531428 - Done
INFO:root:2023-12-11 13:32:44.531465 - Calculating p_plus in state 3
INFO:root:2023-12-11 13:32:44.531510 - State = 4
INFO:root:2023-12-11 13:32:44.531547 - Calculating p_min in state 4
INFO:root:2023-12-11 13:32:44.531597 - Calculating w[4][0] in state 4
INFO:root:2023-12-11 13:32:44.531638 - Done
INFO:root:2023-12-11 13:32:44.531691 - Calculating w[4][1] in state 4
INFO:root:2023-12-11 13:32:44.531737 - Calculating p_plus in state 4
INFO:root:2023-12-11 13:32:44.531848 - calculating tardiness distribution:  [0.0801125  0.0749415  0.1002585  0.118642   0.125433   0.12147225
 0.10854075 0.08945044 0.06805388 0.04751613 0.03022163 0.
 0.         0.        ]
INFO:root:2023-12-11 13:32:44.532184 - State = 1
INFO:root:2023-12-11 13:32:44.532233 - Calculating p_min in state 1
INFO:root:2023-12-11 13:32:44.532290 - Calculating w[1][0] in state 1
INFO:root:2023-12-11 13:32:44.532335 - Done
INFO:root:2023-12-11 13:32:44.532373 - Calculating p_plus in state 1
INFO:root:2023-12-11 13:32:44.532419 - State = 2
INFO:root:2023-12-11 13:32:44.532457 - Calculating p_min in state 2
INFO:root:2023-12-11 13:32:44.532513 - Calculating w[2][0] in state 2
INFO:root:2023-12-11 13:32:44.532557 - Done
INFO:root:2023-12-11 13:32:44.532594 - Calculating w[2][1] in state 2
INFO:root:2023-12-11 13:32:44.532639 - Calculating p_plus in state 2
INFO:root:2023-12-11 13:32:44.532685 - State = 3
INFO:root:2023-12-11 13:32:44.532723 - Calculating p_min in state 3
INFO:root:2023-12-11 13:32:44.532773 - Calculating w[3][0] in state 3
INFO:root:2023-12-11 13:32:44.532814 - Done
INFO:root:2023-12-11 13:32:44.532855 - Calculating p_plus in state 3
INFO:root:2023-12-11 13:32:44.532903 - State = 4
INFO:root:2023-12-11 13:32:44.532941 - Calculating p_min in state 4
INFO:root:2023-12-11 13:32:44.532992 - Calculating w[4][0] in state 4
INFO:root:2023-12-11 13:32:44.533035 - Done
INFO:root:2023-12-11 13:32:44.533073 - Calculating p_plus in state 4
INFO:root:2023-12-11 13:32:44.533182 - calculating tardiness distribution:  [0.36923433 0.15040916 0.13136708 0.10615466 0.08391526 0.06132118
 0.04141333 0.02575818 0.01455404 0.00728949 0.00302974 0.
 0.         0.        ]
INFO:root:2023-12-11 13:32:44.533457 - Found lower loss = 2.0296415956473215 with x = [2 1 2 1 1] and system = {'p_min': array([[1.00000000e+00, 0.00000000e+00, 0.00000000e+00, 0.00000000e+00,
        0.00000000e+00, 0.00000000e+00, 0.00000000e+00, 0.00000000e+00,
        0.00000000e+00, 0.00000000e+00, 0.00000000e+00, 0.00000000e+00,
        0.00000000e+00, 0.00000000e+00],
       [3.10000000e-01, 2.00000000e-01, 1.90000000e-01, 1.50000000e-01,
        9.00000000e-02, 4.25000000e-02, 1.50000000e-02, 2.50000000e-03,
        0.00000000e+00, 0.00000000e+00, 0.00000000e+00, 0.00000000e+00,
        0.00000000e+00, 0.00000000e+00],
       [4.40000000e-01, 1.82500000e-01, 1.50750000e-01, 1.05500000e-01,
        6.60000000e-02, 3.45000000e-02, 1.46250000e-02, 4.87500000e-03,
        1.12500000e-03, 1.25000000e-04, 0.00000000e+00, 0.00000000e+00,
        0.00000000e+00, 0.00000000e+00],
       [1.72367500e-01, 1.37155000e-01, 1.57755000e-01, 1.55831250e-01,
        1.31361250e-01, 9.81712500e-02, 6.60625000e-02, 4.00168750e-02,
        2.22625000e-02, 1.12343750e-02, 5.00625000e-03, 0.00000000e+00,
        0.00000000e+00, 0.00000000e+00],
       [2.83096625e-01, 1.44915000e-01, 1.43581375e-01, 1.27336125e-01,
        1.04200250e-01, 7.71783750e-02, 5.20872500e-02, 3.22475625e-02,
        1.81297187e-02, 9.08896875e-03, 3.79953125e-03, 0.00000000e+00,
        0.00000000e+00, 0.00000000e+00],
       [3.69234325e-01, 1.50409156e-01, 1.31367081e-01, 1.06154656e-01,
        8.39152563e-02, 6.13211781e-02, 4.14133281e-02, 2.57581813e-02,
        1.45540375e-02, 7.28948906e-03, 3.02973750e-03, 0.00000000e+00,
        0.00000000e+00, 0.00000000e+00]]), 'p_plus': array([[1.00000000e-02, 4.00000000e-02, 1.00000000e-01, 1.60000000e-01,
        2.00000000e-01, 1.90000000e-01, 1.50000000e-01, 9.00000000e-02,
        4.25000000e-02, 1.50000000e-02, 2.50000000e-03, 0.00000000e+00,
        0.00000000e+00, 0.00000000e+00],
       [3.10000000e-02, 8.20000000e-02, 1.52000000e-01, 1.75000000e-01,
        1.82500000e-01, 1.50750000e-01, 1.05500000e-01, 6.60000000e-02,
        3.45000000e-02, 1.46250000e-02, 4.87500000e-03, 1.12500000e-03,
        1.25000000e-04, 0.00000000e+00],
       [4.40000000e-03, 1.94250000e-02, 5.28075000e-02, 9.57350000e-02,
        1.37155000e-01, 1.57755000e-01, 1.55831250e-01, 1.31361250e-01,
        9.81712500e-02, 6.60625000e-02, 4.00168750e-02, 2.22625000e-02,
        1.12343750e-02, 5.00625000e-03],
       [1.72367500e-02, 4.81890000e-02, 9.49167500e-02, 1.22754125e-01,
        1.44915000e-01, 1.43581375e-01, 1.27336125e-01, 1.04200250e-01,
        7.71783750e-02, 5.20872500e-02, 3.22475625e-02, 1.81297187e-02,
        9.08896875e-03, 3.79953125e-03],
       [2.83096625e-02, 7.11108250e-02, 1.28270125e-01, 1.41543713e-01,
        1.50409156e-01, 1.31367081e-01, 1.06154656e-01, 8.39152563e-02,
        6.13211781e-02, 4.14133281e-02, 2.57581813e-02, 1.45540375e-02,
        7.28948906e-03, 3.02973750e-03]]), 'w': [[array([1., 0., 0., 0., 0., 0., 0., 0., 0., 0., 0., 0., 0., 0.]), array([0.1 , 0.2 , 0.3 , 0.2 , 0.15, 0.05, 0.  , 0.  , 0.  , 0.  , 0.  ,
       0.  , 0.  , 0.  ])], [array([0.31  , 0.2   , 0.19  , 0.15  , 0.09  , 0.0425, 0.015 , 0.0025,
       0.    , 0.    , 0.    , 0.    , 0.    , 0.    ])], [array([4.4000e-01, 1.8250e-01, 1.5075e-01, 1.0550e-01, 6.6000e-02,
       3.4500e-02, 1.4625e-02, 4.8750e-03, 1.1250e-03, 1.2500e-04,
       0.0000e+00, 0.0000e+00, 0.0000e+00, 0.0000e+00]), array([4.40000e-02, 1.06250e-01, 1.83575e-01, 1.83450e-01, 1.75425e-01,
       1.27825e-01, 8.10000e-02, 5.03250e-02, 2.75500e-02, 1.31000e-02,
       5.25625e-03, 1.72500e-03, 4.37500e-04, 7.50000e-05])], [array([0.1723675 , 0.137155  , 0.157755  , 0.15583125, 0.13136125,
       0.09817125, 0.0660625 , 0.04001688, 0.0222625 , 0.01123438,
       0.00500625, 0.        , 0.        , 0.        ])], [array([0.28309663, 0.144915  , 0.14358138, 0.12733613, 0.10420025,
       0.07717838, 0.05208725, 0.03224756, 0.01812972, 0.00908897,
       0.00379953, 0.        , 0.        , 0.        ])]], 'ew': array([2.25      , 1.71      , 4.9879125 , 2.942225  , 2.41986922])}
INFO:root:2023-12-11 13:32:44.537321 - Final result lowest loss = 2.0296415956473215 with x = [2 1 2 1 1] and system = {'p_min': array([[1.00000000e+00, 0.00000000e+00, 0.00000000e+00, 0.00000000e+00,
        0.00000000e+00, 0.00000000e+00, 0.00000000e+00, 0.00000000e+00,
        0.00000000e+00, 0.00000000e+00, 0.00000000e+00, 0.00000000e+00,
        0.00000000e+00, 0.00000000e+00],
       [3.10000000e-01, 2.00000000e-01, 1.90000000e-01, 1.50000000e-01,
        9.00000000e-02, 4.25000000e-02, 1.50000000e-02, 2.50000000e-03,
        0.00000000e+00, 0.00000000e+00, 0.00000000e+00, 0.00000000e+00,
        0.00000000e+00, 0.00000000e+00],
       [4.40000000e-01, 1.82500000e-01, 1.50750000e-01, 1.05500000e-01,
        6.60000000e-02, 3.45000000e-02, 1.46250000e-02, 4.87500000e-03,
        1.12500000e-03, 1.25000000e-04, 0.00000000e+00, 0.00000000e+00,
        0.00000000e+00, 0.00000000e+00],
       [1.72367500e-01, 1.37155000e-01, 1.57755000e-01, 1.55831250e-01,
        1.31361250e-01, 9.81712500e-02, 6.60625000e-02, 4.00168750e-02,
        2.22625000e-02, 1.12343750e-02, 5.00625000e-03, 0.00000000e+00,
        0.00000000e+00, 0.00000000e+00],
       [2.83096625e-01, 1.44915000e-01, 1.43581375e-01, 1.27336125e-01,
        1.04200250e-01, 7.71783750e-02, 5.20872500e-02, 3.22475625e-02,
        1.81297187e-02, 9.08896875e-03, 3.79953125e-03, 0.00000000e+00,
        0.00000000e+00, 0.00000000e+00],
       [3.69234325e-01, 1.50409156e-01, 1.31367081e-01, 1.06154656e-01,
        8.39152563e-02, 6.13211781e-02, 4.14133281e-02, 2.57581813e-02,
        1.45540375e-02, 7.28948906e-03, 3.02973750e-03, 0.00000000e+00,
        0.00000000e+00, 0.00000000e+00]]), 'p_plus': array([[1.00000000e-02, 4.00000000e-02, 1.00000000e-01, 1.60000000e-01,
        2.00000000e-01, 1.90000000e-01, 1.50000000e-01, 9.00000000e-02,
        4.25000000e-02, 1.50000000e-02, 2.50000000e-03, 0.00000000e+00,
        0.00000000e+00, 0.00000000e+00],
       [3.10000000e-02, 8.20000000e-02, 1.52000000e-01, 1.75000000e-01,
        1.82500000e-01, 1.50750000e-01, 1.05500000e-01, 6.60000000e-02,
        3.45000000e-02, 1.46250000e-02, 4.87500000e-03, 1.12500000e-03,
        1.25000000e-04, 0.00000000e+00],
       [4.40000000e-03, 1.94250000e-02, 5.28075000e-02, 9.57350000e-02,
        1.37155000e-01, 1.57755000e-01, 1.55831250e-01, 1.31361250e-01,
        9.81712500e-02, 6.60625000e-02, 4.00168750e-02, 2.22625000e-02,
        1.12343750e-02, 5.00625000e-03],
       [1.72367500e-02, 4.81890000e-02, 9.49167500e-02, 1.22754125e-01,
        1.44915000e-01, 1.43581375e-01, 1.27336125e-01, 1.04200250e-01,
        7.71783750e-02, 5.20872500e-02, 3.22475625e-02, 1.81297187e-02,
        9.08896875e-03, 3.79953125e-03],
       [2.83096625e-02, 7.11108250e-02, 1.28270125e-01, 1.41543713e-01,
        1.50409156e-01, 1.31367081e-01, 1.06154656e-01, 8.39152563e-02,
        6.13211781e-02, 4.14133281e-02, 2.57581813e-02, 1.45540375e-02,
        7.28948906e-03, 3.02973750e-03]]), 'w': [[array([1., 0., 0., 0., 0., 0., 0., 0., 0., 0., 0., 0., 0., 0.]), array([0.1 , 0.2 , 0.3 , 0.2 , 0.15, 0.05, 0.  , 0.  , 0.  , 0.  , 0.  ,
       0.  , 0.  , 0.  ])], [array([0.31  , 0.2   , 0.19  , 0.15  , 0.09  , 0.0425, 0.015 , 0.0025,
       0.    , 0.    , 0.    , 0.    , 0.    , 0.    ])], [array([4.4000e-01, 1.8250e-01, 1.5075e-01, 1.0550e-01, 6.6000e-02,
       3.4500e-02, 1.4625e-02, 4.8750e-03, 1.1250e-03, 1.2500e-04,
       0.0000e+00, 0.0000e+00, 0.0000e+00, 0.0000e+00]), array([4.40000e-02, 1.06250e-01, 1.83575e-01, 1.83450e-01, 1.75425e-01,
       1.27825e-01, 8.10000e-02, 5.03250e-02, 2.75500e-02, 1.31000e-02,
       5.25625e-03, 1.72500e-03, 4.37500e-04, 7.50000e-05])], [array([0.1723675 , 0.137155  , 0.157755  , 0.15583125, 0.13136125,
       0.09817125, 0.0660625 , 0.04001688, 0.0222625 , 0.01123438,
       0.00500625, 0.        , 0.        , 0.        ])], [array([0.28309663, 0.144915  , 0.14358138, 0.12733613, 0.10420025,
       0.07717838, 0.05208725, 0.03224756, 0.01812972, 0.00908897,
       0.00379953, 0.        , 0.        , 0.        ])]], 'ew': array([2.25      , 1.71      , 4.9879125 , 2.942225  , 2.41986922])}
INFO:root:2023-12-11 13:32:44.540644 - State = 1
INFO:root:2023-12-11 13:32:44.540704 - Calculating p_min in state 1
INFO:root:2023-12-11 13:32:44.540766 - Calculating w[1][0] in state 1
INFO:root:2023-12-11 13:32:44.540813 - Done
INFO:root:2023-12-11 13:32:44.540855 - Calculating p_plus in state 1
INFO:root:2023-12-11 13:32:44.540903 - State = 2
INFO:root:2023-12-11 13:32:44.540942 - Calculating p_min in state 2
INFO:root:2023-12-11 13:32:44.540995 - Calculating w[2][0] in state 2
INFO:root:2023-12-11 13:32:44.541037 - Done
INFO:root:2023-12-11 13:32:44.541076 - Calculating w[2][1] in state 2
INFO:root:2023-12-11 13:32:44.541121 - Calculating p_plus in state 2
INFO:root:2023-12-11 13:32:44.541169 - State = 3
INFO:root:2023-12-11 13:32:44.541207 - Calculating p_min in state 3
INFO:root:2023-12-11 13:32:44.541258 - Calculating w[3][0] in state 3
INFO:root:2023-12-11 13:32:44.541300 - Done
INFO:root:2023-12-11 13:32:44.541338 - Calculating p_plus in state 3
INFO:root:2023-12-11 13:32:44.541383 - State = 4
INFO:root:2023-12-11 13:32:44.541420 - Calculating p_min in state 4
INFO:root:2023-12-11 13:32:44.541471 - Calculating w[4][0] in state 4
INFO:root:2023-12-11 13:32:44.541513 - Done
INFO:root:2023-12-11 13:32:44.541551 - Calculating p_plus in state 4
INFO:root:2023-12-11 13:32:44.541669 - calculating tardiness distribution:  [0.36923433 0.15040916 0.13136708 0.10615466 0.08391526 0.06132118
 0.04141333 0.02575818 0.01455404 0.00728949 0.00302974 0.
 0.         0.        ]
INFO:root:2023-12-11 13:32:44.542052 - State = 1
INFO:root:2023-12-11 13:32:44.542177 - Calculating p_min in state 1
INFO:root:2023-12-11 13:32:44.542253 - Calculating w[1][0] in state 1
INFO:root:2023-12-11 13:32:44.542305 - Done
INFO:root:2023-12-11 13:32:44.542347 - Calculating p_plus in state 1
INFO:root:2023-12-11 13:32:44.542397 - State = 2
INFO:root:2023-12-11 13:32:44.542437 - Calculating p_min in state 2
INFO:root:2023-12-11 13:32:44.542491 - Calculating w[2][0] in state 2
INFO:root:2023-12-11 13:32:44.542535 - Done
INFO:root:2023-12-11 13:32:44.542574 - Calculating w[2][1] in state 2
INFO:root:2023-12-11 13:32:44.542621 - Calculating p_plus in state 2
INFO:root:2023-12-11 13:32:44.542686 - State = 3
INFO:root:2023-12-11 13:32:44.542726 - Calculating p_min in state 3
INFO:root:2023-12-11 13:32:44.542779 - Calculating w[3][0] in state 3
INFO:root:2023-12-11 13:32:44.542821 - Done
INFO:root:2023-12-11 13:32:44.542862 - Calculating p_plus in state 3
INFO:root:2023-12-11 13:32:44.542909 - State = 4
INFO:root:2023-12-11 13:32:44.542948 - Calculating p_min in state 4
INFO:root:2023-12-11 13:32:44.543016 - Calculating w[4][0] in state 4
INFO:root:2023-12-11 13:32:44.543125 - Done
INFO:root:2023-12-11 13:32:44.543208 - Calculating w[4][1] in state 4
INFO:root:2023-12-11 13:32:44.543297 - Calculating p_plus in state 4
INFO:root:2023-12-11 13:32:44.543565 - calculating tardiness distribution:  [0.1559623  0.12682751 0.14904095 0.15130041 0.13244773 0.10383738
 0.07406543 0.04814484 0.02895678 0.0159517  0.00791139 0.
 0.         0.        ]
INFO:root:2023-12-11 13:32:44.544224 - State = 1
INFO:root:2023-12-11 13:32:44.544308 - Calculating p_min in state 1
INFO:root:2023-12-11 13:32:44.544391 - Calculating p_plus in state 1
INFO:root:2023-12-11 13:32:44.544456 - State = 2
INFO:root:2023-12-11 13:32:44.544568 - Calculating p_min in state 2
INFO:root:2023-12-11 13:32:44.544689 - Calculating w[2][0] in state 2
INFO:root:2023-12-11 13:32:44.544757 - Done
INFO:root:2023-12-11 13:32:44.544818 - Calculating w[2][1] in state 2
INFO:root:2023-12-11 13:32:44.544872 - Calculating p_plus in state 2
INFO:root:2023-12-11 13:32:44.544925 - State = 3
INFO:root:2023-12-11 13:32:44.544965 - Calculating p_min in state 3
INFO:root:2023-12-11 13:32:44.545019 - Calculating w[3][0] in state 3
INFO:root:2023-12-11 13:32:44.545064 - Done
INFO:root:2023-12-11 13:32:44.545115 - Calculating p_plus in state 3
INFO:root:2023-12-11 13:32:44.545163 - State = 4
INFO:root:2023-12-11 13:32:44.545230 - Calculating p_min in state 4
INFO:root:2023-12-11 13:32:44.545341 - Calculating w[4][0] in state 4
INFO:root:2023-12-11 13:32:44.545395 - Done
INFO:root:2023-12-11 13:32:44.545438 - Calculating p_plus in state 4
INFO:root:2023-12-11 13:32:44.545564 - calculating tardiness distribution:  [0.37304374 0.15075332 0.13090547 0.10520442 0.08290338 0.06044448
 0.04075223 0.02530767 0.01427594 0.00713666 0.00296018 0.
 0.         0.        ]
INFO:root:2023-12-11 13:32:44.545934 - State = 1
INFO:root:2023-12-11 13:32:44.545986 - Calculating p_min in state 1
INFO:root:2023-12-11 13:32:44.546044 - Calculating w[1][0] in state 1
INFO:root:2023-12-11 13:32:44.546089 - Done
INFO:root:2023-12-11 13:32:44.546129 - Calculating w[1][1] in state 1
INFO:root:2023-12-11 13:32:44.546176 - Calculating p_plus in state 1
INFO:root:2023-12-11 13:32:44.546224 - State = 2
INFO:root:2023-12-11 13:32:44.546262 - Calculating p_min in state 2
INFO:root:2023-12-11 13:32:44.546314 - Calculating w[2][0] in state 2
INFO:root:2023-12-11 13:32:44.546357 - Done
INFO:root:2023-12-11 13:32:44.546396 - Calculating p_plus in state 2
INFO:root:2023-12-11 13:32:44.546442 - State = 3
INFO:root:2023-12-11 13:32:44.546484 - Calculating p_min in state 3
INFO:root:2023-12-11 13:32:44.546536 - Calculating w[3][0] in state 3
INFO:root:2023-12-11 13:32:44.546654 - Done
INFO:root:2023-12-11 13:32:44.546738 - Calculating p_plus in state 3
INFO:root:2023-12-11 13:32:44.546810 - State = 4
INFO:root:2023-12-11 13:32:44.546856 - Calculating p_min in state 4
INFO:root:2023-12-11 13:32:44.546917 - Calculating w[4][0] in state 4
INFO:root:2023-12-11 13:32:44.546964 - Done
INFO:root:2023-12-11 13:32:44.547005 - Calculating p_plus in state 4
INFO:root:2023-12-11 13:32:44.547138 - calculating tardiness distribution:  [0.40186491 0.15023403 0.12448071 0.09688321 0.07644229 0.05646573
 0.03874514 0.02445715 0.01395865 0.00702058 0.00291614 0.
 0.         0.        ]
INFO:root:2023-12-11 13:32:44.547517 - State = 1
INFO:root:2023-12-11 13:32:44.547573 - Calculating p_min in state 1
INFO:root:2023-12-11 13:32:44.547637 - Calculating w[1][0] in state 1
INFO:root:2023-12-11 13:32:44.547683 - Done
INFO:root:2023-12-11 13:32:44.547736 - Calculating p_plus in state 1
INFO:root:2023-12-11 13:32:44.547860 - State = 2
INFO:root:2023-12-11 13:32:44.547947 - Calculating p_min in state 2
INFO:root:2023-12-11 13:32:44.548118 - Calculating w[2][0] in state 2
INFO:root:2023-12-11 13:32:44.548184 - Done
INFO:root:2023-12-11 13:32:44.548231 - Calculating w[2][1] in state 2
INFO:root:2023-12-11 13:32:44.548282 - Calculating w[2][2] in state 2
INFO:root:2023-12-11 13:32:44.548331 - Calculating p_plus in state 2
INFO:root:2023-12-11 13:32:44.548495 - State = 3
INFO:root:2023-12-11 13:32:44.548556 - Calculating p_min in state 3
INFO:root:2023-12-11 13:32:44.548629 - Calculating p_plus in state 3
INFO:root:2023-12-11 13:32:44.548683 - State = 4
INFO:root:2023-12-11 13:32:44.548722 - Calculating p_min in state 4
INFO:root:2023-12-11 13:32:44.548776 - Calculating w[4][0] in state 4
INFO:root:2023-12-11 13:32:44.548819 - Done
INFO:root:2023-12-11 13:32:44.548857 - Calculating p_plus in state 4
INFO:root:2023-12-11 13:32:44.548977 - calculating tardiness distribution:  [0.37292104 0.14939169 0.12990689 0.10513719 0.08372368 0.05950821
 0.03687849 0.01812152 0.0074415  0.00161238 0.         0.
 0.         0.        ]
INFO:root:2023-12-11 13:32:44.549348 - State = 1
INFO:root:2023-12-11 13:32:44.549400 - Calculating p_min in state 1
INFO:root:2023-12-11 13:32:44.549458 - Calculating w[1][0] in state 1
INFO:root:2023-12-11 13:32:44.549504 - Done
INFO:root:2023-12-11 13:32:44.549543 - Calculating p_plus in state 1
INFO:root:2023-12-11 13:32:44.549594 - State = 2
INFO:root:2023-12-11 13:32:44.549634 - Calculating p_min in state 2
INFO:root:2023-12-11 13:32:44.549686 - Calculating w[2][0] in state 2
INFO:root:2023-12-11 13:32:44.549728 - Done
INFO:root:2023-12-11 13:32:44.549804 - Calculating w[2][1] in state 2
INFO:root:2023-12-11 13:32:44.549896 - Calculating p_plus in state 2
INFO:root:2023-12-11 13:32:44.549947 - State = 3
INFO:root:2023-12-11 13:32:44.549985 - Calculating p_min in state 3
INFO:root:2023-12-11 13:32:44.550042 - Calculating w[3][0] in state 3
INFO:root:2023-12-11 13:32:44.550087 - Done
INFO:root:2023-12-11 13:32:44.550217 - Calculating w[3][1] in state 3
INFO:root:2023-12-11 13:32:44.550281 - Calculating p_plus in state 3
INFO:root:2023-12-11 13:32:44.550381 - State = 4
INFO:root:2023-12-11 13:32:44.550511 - Calculating p_min in state 4
INFO:root:2023-12-11 13:32:44.550633 - Calculating p_plus in state 4
INFO:root:2023-12-11 13:32:44.550799 - calculating tardiness distribution:  [0.39655699 0.13110362 0.12334996 0.10615466 0.08391526 0.06132118
 0.04141333 0.02575818 0.         0.         0.         0.
 0.         0.        ]
INFO:root:2023-12-11 13:32:44.551175 - State = 1
INFO:root:2023-12-11 13:32:44.551228 - Calculating p_min in state 1
INFO:root:2023-12-11 13:32:44.551286 - Calculating p_plus in state 1
INFO:root:2023-12-11 13:32:44.551335 - State = 2
INFO:root:2023-12-11 13:32:44.551374 - Calculating p_min in state 2
INFO:root:2023-12-11 13:32:44.551426 - Calculating w[2][0] in state 2
INFO:root:2023-12-11 13:32:44.551468 - Done
INFO:root:2023-12-11 13:32:44.551507 - Calculating w[2][1] in state 2
INFO:root:2023-12-11 13:32:44.551554 - Calculating p_plus in state 2
INFO:root:2023-12-11 13:32:44.551602 - State = 3
INFO:root:2023-12-11 13:32:44.551640 - Calculating p_min in state 3
INFO:root:2023-12-11 13:32:44.551692 - Calculating w[3][0] in state 3
INFO:root:2023-12-11 13:32:44.551735 - Done
INFO:root:2023-12-11 13:32:44.551773 - Calculating p_plus in state 3
INFO:root:2023-12-11 13:32:44.551819 - State = 4
INFO:root:2023-12-11 13:32:44.551858 - Calculating p_min in state 4
INFO:root:2023-12-11 13:32:44.551909 - Calculating w[4][0] in state 4
INFO:root:2023-12-11 13:32:44.551981 - Done
INFO:root:2023-12-11 13:32:44.552068 - Calculating w[4][1] in state 4
INFO:root:2023-12-11 13:32:44.552250 - Calculating p_plus in state 4
INFO:root:2023-12-11 13:32:44.552563 - calculating tardiness distribution:  [0.1621213  0.13064658 0.15219545 0.15284464 0.13188519 0.10160917
 0.07104432 0.04515816 0.02656046 0.01431077 0.00693307 0.
 0.         0.        ]
INFO:root:2023-12-11 13:32:44.553251 - State = 1
INFO:root:2023-12-11 13:32:44.553334 - Calculating p_min in state 1
INFO:root:2023-12-11 13:32:44.553402 - Calculating w[1][0] in state 1
INFO:root:2023-12-11 13:32:44.553451 - Done
INFO:root:2023-12-11 13:32:44.553511 - Calculating w[1][1] in state 1
INFO:root:2023-12-11 13:32:44.553591 - Calculating p_plus in state 1
INFO:root:2023-12-11 13:32:44.553702 - State = 2
INFO:root:2023-12-11 13:32:44.553834 - Calculating p_min in state 2
INFO:root:2023-12-11 13:32:44.553975 - Calculating w[2][0] in state 2
INFO:root:2023-12-11 13:32:44.554089 - Done
INFO:root:2023-12-11 13:32:44.554136 - Calculating p_plus in state 2
INFO:root:2023-12-11 13:32:44.554204 - State = 3
INFO:root:2023-12-11 13:32:44.554259 - Calculating p_min in state 3
INFO:root:2023-12-11 13:32:44.554316 - Calculating w[3][0] in state 3
INFO:root:2023-12-11 13:32:44.554376 - Done
INFO:root:2023-12-11 13:32:44.554429 - Calculating p_plus in state 3
INFO:root:2023-12-11 13:32:44.554479 - State = 4
INFO:root:2023-12-11 13:32:44.554520 - Calculating p_min in state 4
INFO:root:2023-12-11 13:32:44.554573 - Calculating w[4][0] in state 4
INFO:root:2023-12-11 13:32:44.554616 - Done
INFO:root:2023-12-11 13:32:44.554655 - Calculating w[4][1] in state 4
INFO:root:2023-12-11 13:32:44.554700 - Calculating p_plus in state 4
INFO:root:2023-12-11 13:32:44.554820 - calculating tardiness distribution:  [0.1846528  0.14248843 0.15975276 0.15367793 0.12575046 0.09166049
 0.06096147 0.0372781  0.02166259 0.0118376  0.00592359 0.
 0.         0.        ]
INFO:root:2023-12-11 13:32:44.555192 - State = 1
INFO:root:2023-12-11 13:32:44.555243 - Calculating p_min in state 1
INFO:root:2023-12-11 13:32:44.555300 - Calculating w[1][0] in state 1
INFO:root:2023-12-11 13:32:44.555345 - Done
INFO:root:2023-12-11 13:32:44.555385 - Calculating p_plus in state 1
INFO:root:2023-12-11 13:32:44.555431 - State = 2
INFO:root:2023-12-11 13:32:44.555470 - Calculating p_min in state 2
INFO:root:2023-12-11 13:32:44.555521 - Calculating w[2][0] in state 2
INFO:root:2023-12-11 13:32:44.555564 - Done
INFO:root:2023-12-11 13:32:44.555602 - Calculating w[2][1] in state 2
INFO:root:2023-12-11 13:32:44.555772 - Calculating w[2][2] in state 2
INFO:root:2023-12-11 13:32:44.555822 - Calculating p_plus in state 2
INFO:root:2023-12-11 13:32:44.555899 - State = 3
INFO:root:2023-12-11 13:32:44.556019 - Calculating p_min in state 3
INFO:root:2023-12-11 13:32:44.556154 - Calculating p_plus in state 3
INFO:root:2023-12-11 13:32:44.556227 - State = 4
INFO:root:2023-12-11 13:32:44.556286 - Calculating p_min in state 4
INFO:root:2023-12-11 13:32:44.556377 - Calculating w[4][0] in state 4
INFO:root:2023-12-11 13:32:44.556446 - Done
INFO:root:2023-12-11 13:32:44.556499 - Calculating w[4][1] in state 4
INFO:root:2023-12-11 13:32:44.556551 - Calculating p_plus in state 4
INFO:root:2023-12-11 13:32:44.556722 - calculating tardiness distribution:  [0.15977453 0.12799183 0.14908186 0.1504379  0.13100305 0.10248881
 0.07308248 0.04735014 0.02818758 0.01508883 0.00704739 0.
 0.         0.        ]
INFO:root:2023-12-11 13:32:44.557191 - State = 1
INFO:root:2023-12-11 13:32:44.557273 - Calculating p_min in state 1
INFO:root:2023-12-11 13:32:44.557352 - Calculating w[1][0] in state 1
INFO:root:2023-12-11 13:32:44.557404 - Done
INFO:root:2023-12-11 13:32:44.557447 - Calculating p_plus in state 1
INFO:root:2023-12-11 13:32:44.557498 - State = 2
INFO:root:2023-12-11 13:32:44.557538 - Calculating p_min in state 2
INFO:root:2023-12-11 13:32:44.557592 - Calculating w[2][0] in state 2
INFO:root:2023-12-11 13:32:44.557636 - Done
INFO:root:2023-12-11 13:32:44.557693 - Calculating w[2][1] in state 2
INFO:root:2023-12-11 13:32:44.557768 - Calculating p_plus in state 2
INFO:root:2023-12-11 13:32:44.557862 - State = 3
INFO:root:2023-12-11 13:32:44.557931 - Calculating p_min in state 3
INFO:root:2023-12-11 13:32:44.557998 - Calculating w[3][0] in state 3
INFO:root:2023-12-11 13:32:44.558054 - Done
INFO:root:2023-12-11 13:32:44.558113 - Calculating w[3][1] in state 3
INFO:root:2023-12-11 13:32:44.558187 - Calculating p_plus in state 3
INFO:root:2023-12-11 13:32:44.558268 - State = 4
INFO:root:2023-12-11 13:32:44.558332 - Calculating p_min in state 4
INFO:root:2023-12-11 13:32:44.558425 - Calculating w[4][0] in state 4
INFO:root:2023-12-11 13:32:44.558497 - Done
INFO:root:2023-12-11 13:32:44.558550 - Calculating p_plus in state 4
INFO:root:2023-12-11 13:32:44.558679 - calculating tardiness distribution:  [0.21578053 0.12486601 0.13535867 0.13225223 0.11858019 0.09626072
 0.07095698 0.04757123 0.02859322 0.01509978 0.00653594 0.
 0.         0.        ]
INFO:root:2023-12-11 13:32:44.559058 - State = 1
INFO:root:2023-12-11 13:32:44.559111 - Calculating p_min in state 1
INFO:root:2023-12-11 13:32:44.559169 - Calculating w[1][0] in state 1
INFO:root:2023-12-11 13:32:44.559215 - Done
INFO:root:2023-12-11 13:32:44.559255 - Calculating p_plus in state 1
INFO:root:2023-12-11 13:32:44.559303 - State = 2
INFO:root:2023-12-11 13:32:44.559364 - Calculating p_min in state 2
INFO:root:2023-12-11 13:32:44.559436 - Calculating w[2][0] in state 2
INFO:root:2023-12-11 13:32:44.559484 - Done
INFO:root:2023-12-11 13:32:44.559525 - Calculating p_plus in state 2
INFO:root:2023-12-11 13:32:44.559573 - State = 3
INFO:root:2023-12-11 13:32:44.559612 - Calculating p_min in state 3
INFO:root:2023-12-11 13:32:44.559665 - Calculating w[3][0] in state 3
INFO:root:2023-12-11 13:32:44.559708 - Done
INFO:root:2023-12-11 13:32:44.559746 - Calculating p_plus in state 3
INFO:root:2023-12-11 13:32:44.559792 - State = 4
INFO:root:2023-12-11 13:32:44.559830 - Calculating p_min in state 4
INFO:root:2023-12-11 13:32:44.559881 - Calculating w[4][0] in state 4
INFO:root:2023-12-11 13:32:44.559923 - Done
INFO:root:2023-12-11 13:32:44.559961 - Calculating p_plus in state 4
INFO:root:2023-12-11 13:32:44.560076 - calculating tardiness distribution:  [0.41415675 0.15035754 0.12207683 0.09348106 0.07357096 0.05447826
 0.03755885 0.02382203 0.01364828 0.00688159 0.002862   0.
 0.         0.        ]
INFO:root:2023-12-11 13:32:44.560443 - State = 1
INFO:root:2023-12-11 13:32:44.560495 - Calculating p_min in state 1
INFO:root:2023-12-11 13:32:44.560553 - Calculating p_plus in state 1
INFO:root:2023-12-11 13:32:44.560601 - State = 2
INFO:root:2023-12-11 13:32:44.560639 - Calculating p_min in state 2
INFO:root:2023-12-11 13:32:44.560691 - Calculating w[2][0] in state 2
INFO:root:2023-12-11 13:32:44.560733 - Done
INFO:root:2023-12-11 13:32:44.560771 - Calculating w[2][1] in state 2
INFO:root:2023-12-11 13:32:44.560815 - Calculating w[2][2] in state 2
INFO:root:2023-12-11 13:32:44.560861 - Calculating p_plus in state 2
INFO:root:2023-12-11 13:32:44.560908 - State = 3
INFO:root:2023-12-11 13:32:44.560946 - Calculating p_min in state 3
INFO:root:2023-12-11 13:32:44.560996 - Calculating p_plus in state 3
INFO:root:2023-12-11 13:32:44.561039 - State = 4
INFO:root:2023-12-11 13:32:44.561076 - Calculating p_min in state 4
INFO:root:2023-12-11 13:32:44.561126 - Calculating w[4][0] in state 4
INFO:root:2023-12-11 13:32:44.561168 - Done
INFO:root:2023-12-11 13:32:44.561205 - Calculating p_plus in state 4
INFO:root:2023-12-11 13:32:44.561316 - calculating tardiness distribution:  [0.3768672  0.14969816 0.1293909  0.10414926 0.0827048  0.05866616
 0.03630755 0.01782715 0.00731622 0.00158466 0.         0.
 0.         0.        ]
INFO:root:2023-12-11 13:32:44.561656 - State = 1
INFO:root:2023-12-11 13:32:44.561706 - Calculating p_min in state 1
INFO:root:2023-12-11 13:32:44.561762 - Calculating p_plus in state 1
INFO:root:2023-12-11 13:32:44.561810 - State = 2
INFO:root:2023-12-11 13:32:44.561849 - Calculating p_min in state 2
INFO:root:2023-12-11 13:32:44.561900 - Calculating w[2][0] in state 2
INFO:root:2023-12-11 13:32:44.561943 - Done
INFO:root:2023-12-11 13:32:44.561980 - Calculating w[2][1] in state 2
INFO:root:2023-12-11 13:32:44.562025 - Calculating p_plus in state 2
INFO:root:2023-12-11 13:32:44.562072 - State = 3
INFO:root:2023-12-11 13:32:44.562110 - Calculating p_min in state 3
INFO:root:2023-12-11 13:32:44.562161 - Calculating w[3][0] in state 3
INFO:root:2023-12-11 13:32:44.562202 - Done
INFO:root:2023-12-11 13:32:44.562240 - Calculating w[3][1] in state 3
INFO:root:2023-12-11 13:32:44.562300 - Calculating p_plus in state 3
INFO:root:2023-12-11 13:32:44.562348 - State = 4
INFO:root:2023-12-11 13:32:44.562385 - Calculating p_min in state 4
INFO:root:2023-12-11 13:32:44.562436 - Calculating p_plus in state 4
INFO:root:2023-12-11 13:32:44.562547 - calculating tardiness distribution:  [0.4009384  0.13104028 0.12272384 0.10520442 0.08290338 0.06044448
 0.04075223 0.02530767 0.         0.         0.         0.
 0.         0.        ]
INFO:root:2023-12-11 13:32:44.562884 - State = 1
INFO:root:2023-12-11 13:32:44.562939 - Calculating p_min in state 1
INFO:root:2023-12-11 13:32:44.562999 - Calculating w[1][0] in state 1
INFO:root:2023-12-11 13:32:44.563044 - Done
INFO:root:2023-12-11 13:32:44.563157 - Calculating w[1][1] in state 1
INFO:root:2023-12-11 13:32:44.563225 - Calculating p_plus in state 1
INFO:root:2023-12-11 13:32:44.563332 - State = 2
INFO:root:2023-12-11 13:32:44.563383 - Calculating p_min in state 2
INFO:root:2023-12-11 13:32:44.563451 - Calculating w[2][0] in state 2
INFO:root:2023-12-11 13:32:44.563501 - Done
INFO:root:2023-12-11 13:32:44.563542 - Calculating w[2][1] in state 2
INFO:root:2023-12-11 13:32:44.563613 - Calculating p_plus in state 2
INFO:root:2023-12-11 13:32:44.563795 - State = 3
INFO:root:2023-12-11 13:32:44.563849 - Calculating p_min in state 3
INFO:root:2023-12-11 13:32:44.563914 - Calculating p_plus in state 3
INFO:root:2023-12-11 13:32:44.563963 - State = 4
INFO:root:2023-12-11 13:32:44.564003 - Calculating p_min in state 4
INFO:root:2023-12-11 13:32:44.564057 - Calculating w[4][0] in state 4
INFO:root:2023-12-11 13:32:44.564101 - Done
INFO:root:2023-12-11 13:32:44.564140 - Calculating p_plus in state 4
INFO:root:2023-12-11 13:32:44.564260 - calculating tardiness distribution:  [0.40838393 0.14843795 0.12188651 0.09508713 0.07610963 0.05470803
 0.0343529  0.01706936 0.0070907  0.00154731 0.         0.
 0.         0.        ]
INFO:root:2023-12-11 13:32:44.564653 - State = 1
INFO:root:2023-12-11 13:32:44.564706 - Calculating p_min in state 1
INFO:root:2023-12-11 13:32:44.564765 - Calculating w[1][0] in state 1
INFO:root:2023-12-11 13:32:44.564811 - Done
INFO:root:2023-12-11 13:32:44.564855 - Calculating w[1][1] in state 1
INFO:root:2023-12-11 13:32:44.564905 - Calculating p_plus in state 1
INFO:root:2023-12-11 13:32:44.564954 - State = 2
INFO:root:2023-12-11 13:32:44.564993 - Calculating p_min in state 2
INFO:root:2023-12-11 13:32:44.565047 - Calculating w[2][0] in state 2
INFO:root:2023-12-11 13:32:44.565090 - Done
INFO:root:2023-12-11 13:32:44.565219 - Calculating p_plus in state 2
INFO:root:2023-12-11 13:32:44.565322 - State = 3
INFO:root:2023-12-11 13:32:44.565374 - Calculating p_min in state 3
INFO:root:2023-12-11 13:32:44.565442 - Calculating w[3][0] in state 3
INFO:root:2023-12-11 13:32:44.565492 - Done
INFO:root:2023-12-11 13:32:44.565608 - Calculating w[3][1] in state 3
INFO:root:2023-12-11 13:32:44.565704 - Calculating p_plus in state 3
INFO:root:2023-12-11 13:32:44.565795 - State = 4
INFO:root:2023-12-11 13:32:44.565902 - Calculating p_min in state 4
INFO:root:2023-12-11 13:32:44.566052 - Calculating p_plus in state 4
INFO:root:2023-12-11 13:32:44.566184 - calculating tardiness distribution:  [0.43612876 0.12595747 0.11449342 0.09688321 0.07644229 0.05646573
 0.03874514 0.02445715 0.         0.         0.         0.
 0.         0.        ]
INFO:root:2023-12-11 13:32:44.566665 - State = 1
INFO:root:2023-12-11 13:32:44.566829 - Calculating p_min in state 1
INFO:root:2023-12-11 13:32:44.566960 - Calculating w[1][0] in state 1
INFO:root:2023-12-11 13:32:44.567016 - Done
INFO:root:2023-12-11 13:32:44.567128 - Calculating p_plus in state 1
INFO:root:2023-12-11 13:32:44.567250 - State = 2
INFO:root:2023-12-11 13:32:44.567372 - Calculating p_min in state 2
INFO:root:2023-12-11 13:32:44.567483 - Calculating w[2][0] in state 2
INFO:root:2023-12-11 13:32:44.567565 - Done
INFO:root:2023-12-11 13:32:44.567642 - Calculating w[2][1] in state 2
INFO:root:2023-12-11 13:32:44.567702 - Calculating w[2][2] in state 2
INFO:root:2023-12-11 13:32:44.567752 - Calculating p_plus in state 2
INFO:root:2023-12-11 13:32:44.567821 - State = 3
INFO:root:2023-12-11 13:32:44.567878 - Calculating p_min in state 3
INFO:root:2023-12-11 13:32:44.567939 - Calculating w[3][0] in state 3
INFO:root:2023-12-11 13:32:44.567985 - Done
INFO:root:2023-12-11 13:32:44.568023 - Calculating p_plus in state 3
INFO:root:2023-12-11 13:32:44.568070 - State = 4
INFO:root:2023-12-11 13:32:44.568109 - Calculating p_min in state 4
INFO:root:2023-12-11 13:32:44.568162 - Calculating p_plus in state 4
INFO:root:2023-12-11 13:32:44.568282 - calculating tardiness distribution:  [0.40453248 0.12675339 0.12093375 0.10513719 0.08372368 0.05950821
 0.03687849 0.01812152 0.         0.         0.         0.
 0.         0.        ]
INFO:root:2023-12-11 13:32:44.568670 - State = 1
INFO:root:2023-12-11 13:32:44.568721 - Calculating p_min in state 1
INFO:root:2023-12-11 13:32:44.568780 - Calculating w[1][0] in state 1
INFO:root:2023-12-11 13:32:44.568826 - Done
INFO:root:2023-12-11 13:32:44.568908 - Calculating p_plus in state 1
INFO:root:2023-12-11 13:32:44.569013 - State = 2
INFO:root:2023-12-11 13:32:44.569075 - Calculating p_min in state 2
INFO:root:2023-12-11 13:32:44.569156 - Calculating w[2][0] in state 2
INFO:root:2023-12-11 13:32:44.569220 - Done
INFO:root:2023-12-11 13:32:44.569279 - Calculating p_plus in state 2
INFO:root:2023-12-11 13:32:44.569350 - State = 3
INFO:root:2023-12-11 13:32:44.569422 - Calculating p_min in state 3
INFO:root:2023-12-11 13:32:44.569537 - Calculating w[3][0] in state 3
INFO:root:2023-12-11 13:32:44.569596 - Done
INFO:root:2023-12-11 13:32:44.569640 - Calculating p_plus in state 3
INFO:root:2023-12-11 13:32:44.569690 - State = 4
INFO:root:2023-12-11 13:32:44.569731 - Calculating p_min in state 4
INFO:root:2023-12-11 13:32:44.569784 - Calculating w[4][0] in state 4
INFO:root:2023-12-11 13:32:44.569876 - Done
INFO:root:2023-12-11 13:32:44.569945 - Calculating w[4][1] in state 4
INFO:root:2023-12-11 13:32:44.570007 - Calculating p_plus in state 4
INFO:root:2023-12-11 13:32:44.570169 - calculating tardiness distribution:  [0.20755416 0.15519442 0.16870808 0.15610409 0.12090023 0.08222743
 0.05048826 0.02832561 0.01541729 0.00812345 0.0039942  0.
 0.         0.        ]
INFO:root:2023-12-11 13:32:44.570790 - State = 1
INFO:root:2023-12-11 13:32:44.570958 - Calculating p_min in state 1
INFO:root:2023-12-11 13:32:44.571032 - Calculating p_plus in state 1
INFO:root:2023-12-11 13:32:44.571105 - State = 2
INFO:root:2023-12-11 13:32:44.571174 - Calculating p_min in state 2
INFO:root:2023-12-11 13:32:44.571241 - Calculating w[2][0] in state 2
INFO:root:2023-12-11 13:32:44.571290 - Done
INFO:root:2023-12-11 13:32:44.571332 - Calculating w[2][1] in state 2
INFO:root:2023-12-11 13:32:44.571382 - Calculating w[2][2] in state 2
INFO:root:2023-12-11 13:32:44.571432 - Calculating p_plus in state 2
INFO:root:2023-12-11 13:32:44.571482 - State = 3
INFO:root:2023-12-11 13:32:44.571522 - Calculating p_min in state 3
INFO:root:2023-12-11 13:32:44.571577 - Calculating p_plus in state 3
INFO:root:2023-12-11 13:32:44.571625 - State = 4
